#EQMOD PECPrep V2.03
!StartRecording=04-11-2021 18:09:05
!WormPeriod=400
!StepsPerWorm=1
# time - motor - smoothed PE
0 0 -3.83778565396565
1 0 -3.80463875465533
2 0 -3.76797374631222
3 0 -3.73196067457048
4 0 -3.69243602427746
5 0 -3.65357246508437
6 0 -3.61120912216146
7 0 -3.56952130624022
8 0 -3.52435075510694
9 0 -3.47987540721887
10 0 -3.43193963716392
11 0 -3.38472398105133
12 0 -3.33407538376134
13 0 -3.28417693929771
14 0 -3.2308781319863
15 0 -3.17836456869545
16 0 -3.12248814700576
17 0 -3.06743689004245
18 0 -3.00906510953031
19 0 -2.95123084204206
20 0 -2.89078752699464
21 0 -2.83093082623462
22 0 -2.76785175492547
23 0 -2.70574493867654
24 0 -2.64047108597685
25 0 -2.57622676299977
26 0 -2.50887457014214
27 0 -2.44261285437369
28 0 -2.37330590702159
29 0 -2.30515369695075
30 0 -2.23402206465701
31 0 -2.16411244685132
32 0 -2.09129198296554
33 0 -2.01976337218935
34 0 -1.94539497756958
35 0 -1.87239054971728
36 0 -1.79661940953098
37 0 -1.72228618239772
38 0 -1.64526097902715
39 0 -1.56974910711074
40 0 -1.49162121771006
41 0 -1.41508308923319
42 0 -1.33600577300346
43 0 -1.25859530657476
44 0 -1.17872288970209
45 0 -1.10059462362963
46 0 -1.02008168710473
47 0 -0.94139006662378
48 0 -0.860390644458439
49 0 -0.781289073571624
50 0 -0.699955866767925
51 0 -0.620596130891059
52 0 -0.539079744564116
53 0 -0.459611106461232
54 0 -0.378059314915558
55 0 -0.298627893699983
56 0 -0.217184939868956
57 0 -0.137932928377567
58 0 -0.056738862608455
59 0 2.21959939732628E-02
60 0 0.10300593055658
61 0 0.181491028738682
62 0 0.261786971897862
63 0 0.339695289221509
64 0 0.419353266154583
65 0 0.496564020112544
66 0 0.575466407044972
67 0 0.651865258476632
68 0 0.729901178595534
69 0 0.805380770564095
70 0 0.882446429247993
71 0 0.956906589141092
72 0 1.03290554492973
73 0 1.1062536217101
74 0 1.18109699098317
75 0 1.25324791150073
76 0 1.32685450682911
77 0 1.39773097867844
78 0 1.47002737971276
79 0 1.5395598352086
80 0 1.61048039336066
81 0 1.67860710799865
82 0 1.74809388443977
83 0 1.81476069496403
84 0 1.88276333552972
85 0 1.94792362865144
86 0 2.01439917558547
87 0 2.07801358011094
88 0 2.14292622484611
89 0 2.20496242577317
90 0 2.26828320447776
91 0 2.32871550781567
92 0 2.39042194495558
93 0 2.44923098425553
94 0 2.50930668654823
95 0 2.56647890884944
96 0 2.62491311572542
97 0 2.68044045043937
98 0 2.73722754354889
99 0 2.79110671513923
100 0 2.84624569547446
101 0 2.89847782181748
102 0 2.95197175650163
103 0 3.00256170422883
104 0 3.05441715111047
105 0 3.10337302654221
106 0 3.15359944051669
107 0 3.20093190284119
108 0 3.24954103210702
109 0 3.29526275925469
110 0 3.34226803534945
111 0 3.38639304532881
112 0 3.4318089751461
113 0 3.47435212786484
114 0 3.51819369084186
115 0 3.55916995454645
116 0 3.6014520151295
117 0 3.64087599161995
118 0 3.68161272867021
119 0 3.71949803327989
120 0 3.75870239499233
121 0 3.79506118376616
122 0 3.83274437115736
123 0 3.86758677527648
124 0 3.90375776189373
125 0 3.93709148144059
126 0 3.97175657142874
127 0 4.00358640303482
128 0 4.03674883436093
129 0 4.06707638167159
130 0 4.09873597504379
131 0 4.12755921524743
132 0 4.15771207713505
133 0 4.18502517119304
134 0 4.21366344896995
135 0 4.23945648144004
136 0 4.26656817656202
137 0 4.29082703585216
138 0 4.31639587437085
139 0 4.33910211090396
140 0 4.36310747554907
141 0 4.38423829859336
142 0 4.40665522033279
143 0 4.4261834913346
144 0 4.44698270329377
145 0 4.46487705974982
146 0 4.48402510966981
147 0 4.50025005951106
148 0 4.51770948471624
149 0 4.53222564644062
150 0 4.5479552049056
151 0 4.56071954758249
152 0 4.57467450658061
153 0 4.58564068147667
154 0 4.59777315841386
155 0 4.60689184931972
156 0 4.61715120479947
157 0 4.62437055698235
158 0 4.63270383337599
159 0 4.63796990696624
160 0 4.64432231138556
161 0 4.64757959030789
162 0 4.65189501367456
163 0 4.65308693666944
164 0 4.65530850959553
165 0 4.65437804314639
166 0 4.65444871794782
167 0 4.65133895341217
168 0 4.64920211074323
169 0 4.64385687228111
170 0 4.63945694368855
171 0 4.63182142927821
172 0 4.6251045331696
173 0 4.61512594186409
174 0 4.60604052355762
175 0 4.59366871322953
176 0 4.5821661860791
177 0 4.56735427763449
178 0 4.55338965525291
179 0 4.53609470651477
180 0 4.51962722549926
181 0 4.49981080682062
182 0 4.48080452855618
183 0 4.45843334072792
184 0 4.43685773034118
185 0 4.41190413614651
186 0 4.38773460991141
187 0 4.36017720552615
188 0 4.33339564469945
189 0 4.30321971667407
190 0 4.27381493930173
191 0 4.24101295626057
192 0 4.20898114526981
193 0 4.17355308630789
194 0 4.13889816547044
195 0 4.10085197013243
196 0 4.06358592971529
197 0 4.0229377161068
198 0 3.9830808789597
199 0 3.9398552320748
200 0 3.89743646112098
201 0 3.85166655215731
202 0 3.80672339390273
203 0 3.75845116065595
204 0 3.71102992585893
205 0 3.66030605966202
206 0 3.61046183673664
207 0 3.55734582701762
208 0 3.50514243007322
209 0 3.44970236831234
210 0 3.39521221627747
211 0 3.33752478705187
212 0 3.28082871887487
213 0 3.22097886809759
214 0 3.1621658903947
215 0 3.10024661361025
216 0 3.03941358547621
217 0 2.97552550360039
218 0 2.91277675837219
219 0 2.84702780199137
220 0 2.78247471104343
221 0 2.71497957501134
222 0 2.64874005440286
223 0 2.57961976146629
224 0 2.51181772716927
225 0 2.44119891596309
226 0 2.37196368940829
227 0 2.29997818420319
228 0 2.22944385604734
229 0 2.15622786562331
230 0 2.08453261947124
231 0 2.01022613301826
232 0 1.93751153663802
233 0 1.86225750802377
234 0 1.78866777623397
235 0 1.71261148413283
236 0 1.63829272072951
237 0 1.56158090785948
238 0 1.48668033132309
239 0 1.40946051892165
240 0 1.33412567928995
241 0 1.25654522645703
242 0 1.18092321860389
243 0 1.10312873778391
244 0 1.02736541897085
245 0 0.949501841353479
246 0 0.873741058080409
247 0 0.795950964579311
248 0 0.720333795959199
249 0 0.642756571804928
250 0 0.567420595216419
251 0 0.490191825168766
252 0 0.415270410589561
253 0 0.338521090124557
254 0 0.264142728682481
255 0 0.18799871127234
256 0 0.11428638367461
257 0 0.038867605887035
258 0 -0.034061803991631
259 0 -0.108641669995285
260 0 -0.180677911748371
261 0 -0.254312133169648
262 0 -0.32535207203843
263 0 -0.397941210201899
264 0 -0.467889251146552
265 0 -0.539341653250106
266 0 -0.608110102988698
267 0 -0.678342118087417
268 0 -0.745851482817168
269 0 -0.814787823545902
270 0 -0.880967039239131
271 0 -0.94854088518434
272 0 -1.01332747940409
273 0 -1.07948074901126
274 0 -1.14282093182902
275 0 -1.20750415284561
276 0 -1.26935283801275
277 0 -1.33252527690342
278 0 -1.39284603143118
279 0 -1.45447551851264
280 0 -1.51324044260859
281 0 -1.57330330772273
282 0 -1.63049284507507
283 0 -1.68897358950924
284 0 -1.74457627111419
285 0 -1.80146736731139
286 0 -1.85547948975473
287 0 -1.91078094318601
288 0 -1.96320618570583
289 0 -2.0169252580437
290 0 -2.06777423987257
291 0 -2.11992480426878
292 0 -2.16921458907846
293 0 -2.21981674271389
294 0 -2.26757029172579
295 0 -2.31664970587999
296 0 -2.36289528658341
297 0 -2.41048267290649
298 0 -2.45525322699423
299 0 -2.50138359767637
300 0 -2.54471607568794
301 0 -2.58942813902612
302 0 -2.63136280572788
303 0 -2.67469818927781
304 0 -2.71527790770691
305 0 -2.75728054107829
306 0 -2.79655003931957
307 0 -2.83726527936684
308 0 -2.87527040983193
309 0 -2.91474440272807
310 0 -2.95153139726443
311 0 -2.98981027061761
312 0 -3.02542500043179
313 0 -3.0625541910632
314 0 -3.09704143616534
315 0 -3.13306489476884
316 0 -3.16646763156936
317 0 -3.20142718202591
318 0 -3.23378589333148
319 0 -3.2677204979042
320 0 -3.29907251350362
321 0 -3.33201772738372
322 0 -3.36239659834371
323 0 -3.39438383848631
324 0 -3.42381875490801
325 0 -3.45487483456373
326 0 -3.48339008794963
327 0 -3.51353665208826
328 0 -3.54115115005099
329 0 -3.57040426456502
330 0 -3.59713110020526
331 0 -3.62550079730454
332 0 -3.65134687952728
333 0 -3.67883686354091
334 0 -3.70380260945032
335 0 -3.73040994191533
336 0 -3.75448903637173
337 0 -3.78020399003571
338 0 -3.80338321176768
339 0 -3.82818905541324
340 0 -3.85044817572066
341 0 -3.87432116592936
342 0 -3.8956329168411
343 0 -3.91854226953593
344 0 -3.93887238497513
345 0 -3.96078038184011
346 0 -3.98008770939743
347 0 -4.00094981295317
348 0 -4.01918649812619
349 0 -4.03895159719767
350 0 -4.05606333620293
351 0 -4.07467401106112
352 0 -4.09060037274643
353 0 -4.10799328083689
354 0 -4.12266809177444
355 0 -4.1387743466563
356 0 -4.1521261413505
357 0 -4.16687182013651
358 0 -4.17882434771099
359 0 -4.19213101215294
360 0 -4.20260379889124
361 0 -4.21438909271633
362 0 -4.22329805321051
363 0 -4.23347632770505
364 0 -4.24073442248539
365 0 -4.24921742018348
366 0 -4.25473535147132
367 0 -4.26143291861562
368 0 -4.26511986113297
369 0 -4.26994068841199
370 0 -4.2717050456514
371 0 -4.27455744453639
372 0 -4.27430762915438
373 0 -4.2751003120336
374 0 -4.2727455388582
375 0 -4.27138842563177
376 0 -4.26683951424329
377 0 -4.26324452297417
378 0 -4.25641470023217
379 0 -4.25049656592398
380 0 -4.24130226493108
381 0 -4.23297931581502
382 0 -4.22134096134579
383 0 -4.21053591925516
384 0 -4.19637869608718
385 0 -4.18301938544679
386 0 -4.16627397890308
387 0 -4.1502941175588
388 0 -4.13089742614681
389 0 -4.11223726833389
390 0 -4.0901330763049
391 0 -4.06874009809281
392 0 -4.04387970646537
393 0 -4.01970917512356
394 0 -3.99205198269128
395 0 -3.96506755842418
396 0 -3.93458159117307
397 0 -3.9047557859001
398 0 -3.8714181669655
399 0 -3.8387328291725
